-0.00168565,-0.00279495,-2.72456e-005
0.000190531,-0.00426936,0.0018162
-0.00238251,-0.00394408,0.00273272
-0.00416001,-0.00431997,0.00230529
-0.00285421,-0.00625792,0.0032023
-0.00403747,-0.00720198,0.00169009
-0.00505921,-0.00681849,0.000989695
-0.00456871,-0.00618899,0.00354709
-0.00501298,-0.00417342,0.00383299
-0.00561681,-0.00353689,0.00267066
-0.00494225,-0.00272717,0.00246111
-0.00339886,-0.0035797,0.00263024
-0.0043162,-0.00365135,0.00414492
-0.0045012,-0.00449283,0.00229389
-0.00340468,-0.00248632,0.00381292
-0.00291964,-0.00429557,0.00613945
-0.0037381,-0.00357143,0.00785853
-0.00606927,-0.00253376,0.00652738
-0.00554757,-0.00338322,0.0158032
-0.00709715,-0.00464343,0.018437
-0.00760482,-0.00141136,0.0199703
-0.00844188,-0.000966755,0.0213617
-0.00704521,-0.00156031,0.0212038
-0.00744096,-0.000369401,0.0194632
-0.00566005,0.00331903,0.0202633
-0.00311379,0.00304916,0.0215162
-0.00337992,0.00265463,0.0201746
-0.00490196,0.00455985,0.0202937
-0.00784828,0.0038729,0.0181572
0.00037181,0.00659272,0.00246966
0.0045256,-0.00267889,-0.0171015
0.00521621,-0.00465498,-0.0194701
0.00418966,-0.00377965,-0.0188779
0.00427926,-0.00462217,-0.0176481
0.00173518,-0.00614127,-0.0166323
0.00268718,-0.0060643,-0.0177991
0.00078093,-0.00833936,-0.0215071
0.00181204,-0.00901922,-0.0201002
0.00356633,-0.0100471,-0.0192563
0.002888,-0.0101075,-0.0188168
0.000468658,-0.00988441,-0.0189828
0.000234104,-0.0100718,-0.0179999
-0.00101839,-0.0103625,-0.0207616
-0.00180791,-0.0117515,-0.0205977
-0.00186162,-0.014145,-0.0197328
-0.00236058,-0.012878,-0.0204835
0.00017442,-0.0143145,-0.0197995
0.00104944,-0.0155568,-0.0201122
0.00133806,-0.0179654,-0.0188932
0.000528781,-0.0184934,-0.0201579
-0.00233866,-0.01752,-0.0202316
-0.00210337,-0.0181024,-0.0212939
-0.00209066,-0.0199875,-0.0193515
0.0010997,-0.0200267,-0.019283
0.00224843,-0.0219877,-0.0237117
0.0032498,-0.0232171,-0.026854
0.00299765,-0.0214106,-0.0286561
0.0027315,-0.0193145,-0.0276483
0.000734915,-0.0203314,-0.0290353
-0.000587888,-0.020114,-0.0298855
